 1,243018 0,8351928 1,110394
 1,142489 0,8882724 0,9384838
 1,260623 1,407964 1,233242
 1,216794 0,9321768 0,9681789
 1,233457 1,127935 1,097073
 0,9893055 1,093504 0,9588839
 1,173769 1,0279 0,9411619
 1,178209 1,116275 1,050806
 0,9902834 1,2994 0,9741253
 0,7470076 1,169131 0,9830797
 1,159419 0,9856461 1,000863
 0,912696 0,9814826 1,381315
 1,086656 1,624094 1,18075
 0,7469929 1,177283 0,7510872
 0,8821625 1,246398 0,9318455
 1,004876 0,8861926 1,282466
 1,046257 1,248379 1,103866
 0,8898753 0,8873002 0,9576381
 1,135025 0,9926598 1,13758
 0,996057 1,226489 1,274435
 1,320581 1,076651 1,286532
 1,102098 0,9201097 1,019508
 1,27687 1,130131 0,8933536
 1,594291 1,055208 1,049413
 0,9248596 1,330373 1,220378
 0,9904088 1,072289 1,116412
 1,253148 0,9924766 1,308155
 1,562648 1,258184 0,9279224
 0,9221234 1,316165 0,9122748
 0,9656556 0,8549532 1,217754
 1,087346 1,310686 0,9861419
 0,964415 1,16693 1,173125
 1,065113 1,023391 1,100596
 0,9587243 0,9834363 0,9774854
 0,9770501 1,269573 0,9891446
 1,130334 1,207285 1,048898
 1,009452 1,560468 0,802394
 0,8969634 1,387516 0,5892727
 0,9501027 1,330491 1,665425
 0,9768015 1,054 1,190503
 1,117564 1,474966 1,13147
 0,8312409 0,7724657 1,154807
 0,9765493 1,020944 1,139834
 1,150281 1,183082 0,9284213
 1,358321 0,9684961 0,9502953
 0,8160587 0,8601062 0,6606587
 0,8139765 0,9665098 1,312133
 1,178559 1,280289 1,015378
 1,373028 0,9122798 1,037192
 0,9607548 0,9130833 0,9739182
 1,114153 0,8117714 1,015703
 1,14533 1,158242 0,6459147
 1,007761 1,209295 1,262384
 0,62612 0,7948848 0,9790829
 0,9631094 1,132892 1,087303
 1,246828 1,130316 0,9621665
 0,9753293 1,233738 0,9834892
 0,8298938 0,9138076 0,8799409
 1,12618 1,299871 1,229116
 1,524037 1,194961 0,9541385
 1,266254 1,347242 1,413781
 0,7710211 0,9645942 0,6412542
 1,139565 0,8298241 0,7698408
 1,304801 1,226186 1,5181
 1,141003 1,156314 1,478022
 0,8336434 0,9933925 1,201891
 1,378877 1,032499 1,067268
 1,11589 1,036509 1,224003
 1,219047 1,317549 1,081311
 1,168058 1,010507 0,7913211
 1,129341 1,185586 1,09267
 1,234455 1,059003 1,249024
 0,8285208 1,186468 0,9460496
 0,7922789 0,7985065 0,7045731
 1,05803 1,207747 1,540292
 0,9255623 1,120522 0,8448319
 1,010123 0,7997993 1,207994
 1,065802 1,283921 0,9246112
 0,84308 1,065351 1,122032
