 18,69082 18,85159 22,94828
 10,9451 6,415436 17,30881
 18,99638 14,16205 16,80093
 11,61426 12,67749 17,7673
 13,29953 13,81363 9,570465
 12,20695 15,30606 18,18442
 11,50747 9,251007 7,971252
 19,7909 22,43221 15,53857
 12,81415 12,7309 12,19531
 11,06455 16,74211 20,99957
 21,78331 6,873886 9,954773
 13,09062 10,07939 25,00598
 6,395638 20,94765 10,29507
 14,58589 11,68498 11,10638
 12,16493 10,96819 10,81628
 10,4314 10,90726 22,25183
 9,044337 23,84283 14,26483
 17,16252 7,317413 19,56464
 9,231758 14,9222 17,90158
 10,51685 24,55637 18,32889
 17,66718 24,05092 15,22232
 13,51604 8,112762 22,87778
 12,18323 11,72035 16,34875
 22,5911 13,80362 16,40952
 22,23981 15,25734 11,96274
 25,33953 16,38843 12,47543
 13,78308 7,896194 8,497742
 14,90667 13,31143 16,9137
 9,263213 18,19186 8,156601
 16,10666 9,546295 11,53845
 9,47855 16,11868 14,15216
 12,01246 14,40186 16,6203
 8,441938 15,36507 26,84897
 12,49403 33,17804 14,68866
 18,36652 18,47739 12,38983
 19,94679 18,57784 9,973328
 8,060966 20,46915 11,07297
 11,81954 17,68149 8,360809
 11,80756 13,99971 22,5274
 7,233374 12,29521 14,27798
 18,38082 15,33853 15,06863
 5,597446 9,653305 12,26227
 12,7078 11,5296 15,13516
 12,88353 14,26689 16,26419
 15,96096 9,115433 16,00278
 12,56443 8,28183 7,455505
 11,32632 17,38039 16,09549
 13,70293 13,62709 14,83859
 19,76428 10,03725 9,865997
 10,95264 16,22942 11,15915
 14,80494 8,555511 17,37326
 15,58257 15,80197 7,312775
 15,33876 16,65211 19,7561
 6,480768 11,39249 25,66089
 17,38593 12,64221 10,61063
 17,39414 12,00546 9,305084
 11,76871 16,14534 10,89325
 6,003117 15,53323 9,329865
 14,49759 19,5376 13,82236
 17,61447 12,44104 12,15271
 11,38068 15,69693 17,50436
 8,829033 11,3739 9,185455
 16,72326 6,608536 15,97211
 19,63239 9,842194 21,77951
 19,43957 24,85332 15,60922
 11,36056 10,34444 9,92337
 14,68492 8,843323 11,04602
 9,814442 20,13014 11,33183
 16,6358 22,41599 12,13763
 19,00788 14,31775 15,26358
 22,24527 24,62885 11,46167
 16,87545 10,73341 17,70938
 11,43434 19,6382 10,23959
 12,00374 8,666855 8,654755
 9,4613 12,0536 18,04205
 6,816902 13,33714 9,674194
 11,4091 11,60075 33,36475
 19,81782 14,2664 14,84796
 7,694107 8,043655 8,715363
